-0.014423740510697058 0.17520833333333327
0.041727053140096615 0.10090277777777774
0.09461697722567289 0.0640972222222222
0.14505693581780538 0.041180555555555526
0.1972567287784679 0.02659722222222219
0.2476708074534162 0.018263888888888885
0.29781314699792966 0.013055555555555542
0.34883540372670807 0.01201388888888888
0.3984946514837819 0.0123611111111111
0.4479727398205659 0.014791666666666647
0.49733005521049006 0.01861111111111108
0.5454451345755693 0.022430555555555537
0.5959239130434781 0.02763888888888888
0.6463423050379571 0.033541666666666636
0.6930339889579022 0.03944444444444442
0.743361801242236 0.04638888888888887
0.7949620427881299 0.052986111111111095
0.8477139406487233 0.060624999999999984
0.9029201173222914 0.06861111111111108
0.9495212215320912 0.07555555555555553
