0.0038254697665953685 0.09298403021065564
0.05039173756767826 0.045642840893580255
0.10109104144865558 0.023918103644387817
0.15070931343555216 0.012719050002274884
0.2004094817780609 0.006783202147504469
0.25014240866281456 0.0029526366076709776
0.29990263433277226 0.0008764729969516216
0.3509295236361983 0.00020455889712908681
0.4007334273624824 0.0009354383729923976
0.4505318713317258 0.0013154374630328647
0.4990909504527049 0.002045588971290757
0.5489166932071523 0.004179989990445415
0.6024659902634334 0.005614814140770724
0.6497966240502299 0.007396878838891674
0.6983720824423314 0.009179671504618014
0.7494481095591248 0.011665680877200962
0.7992847718276538 0.01450184266800128
0.8491105145821012 0.01663624368715591
0.9001920014559354 0.019473133445561674
0.9500286637244643 0.022309295236361992
1.0061003685336005 0.025850857636835173