0.003794666141239439 0.12570243048714058
0.053621391068510244 0.06735057198159461
0.10159830317922089 0.039837735717845574
0.15232907196420908 0.02506079115427856
0.20191935465176925 0.015312416694676562
0.25409659360910536 0.01025533443827581
0.30133636226660027 0.007212183729528615
0.35110745372570384 0.006178792058322419
0.40089940773537014 0.0061509753242388054
0.4519639773293618 0.007463229754633205
0.5017837480731117 0.00877617960337973
0.5516243813674244 0.011094704389248866
0.6014789230287787 0.014083612466533002
0.652578263540375 0.017071825125465068
0.7024328052017293 0.02006073320274923
0.751063410563405 0.024055911635508076
0.8034214582922844 0.0277138121675031
0.85205206365396 0.031708990600261944
0.901941376232919 0.036373856906083746
0.9518167804448362 0.04036833992049052
1.0079300872750032 0.04502972913455189