-0.0004149377593360981 0.14885245901639346
0.050622406639004136 0.08393442622950821
0.10041493775933613 0.05213114754098361
0.15145228215767637 0.03377049180327868
0.19875518672199172 0.022295081967213137
0.24979253112033195 0.015409836065573751
0.30082987551867224 0.01147540983606557
0.3518672199170125 0.009836065573770508
0.3991701244813279 0.010491803278688538
0.45145228215767647 0.011803278688524599
0.5024896265560166 0.014098360655737718
0.5522821576763486 0.0180327868852459
0.6058091286307055 0.02163934426229508
0.658091286307054 0.02622950819672132
0.7066390041493775 0.03049180327868853
0.7564315352697095 0.03540983606557377
0.8074688796680498 0.04098360655737707
0.8585062240663901 0.04655737704918034
0.9070539419087138 0.05213114754098361
0.9556016597510375 0.057704918032786906
1.0053941908713695 0.06360655737704918
